# Mean Anomaly (rad)    Radial Velocity (km/s)
# omega = 2.0 rad
0.000000    -0.041831
0.020040    -0.039951
0.040080    -0.037643
0.060120    -0.035016
0.080160    -0.032191
0.100200    -0.029284
0.120240    -0.026391
0.140281    -0.023587
0.160321    -0.020921
0.180361    -0.018423
0.200401    -0.016107
0.220441    -0.013975
0.240481    -0.012021
0.260521    -0.010237
0.280561    -0.008611
0.300601    -0.007129
0.320641    -0.005779
0.340681    -0.004548
0.360721    -0.003425
0.380762    -0.002399
0.400802    -0.001461
0.420842    -0.000601
0.440882    0.000189
0.460922    0.000914
0.480962    0.001582
0.501002    0.002198
0.521042    0.002766
0.541082    0.003292
0.561122    0.003779
0.581162    0.004231
0.601202    0.004650
0.621242    0.005040
0.641283    0.005403
0.661323    0.005741
0.681363    0.006057
0.701403    0.006351
0.721443    0.006627
0.741483    0.006884
0.761523    0.007125
0.781563    0.007350
0.801603    0.007562
0.821643    0.007760
0.841683    0.007946
0.861723    0.008121
0.881764    0.008285
0.901804    0.008439
0.921844    0.008583
0.941884    0.008719
0.961924    0.008847
0.981964    0.008967
1.002004    0.009080
1.022044    0.009185
1.042084    0.009285
1.062124    0.009378
1.082164    0.009466
1.102204    0.009548
1.122244    0.009626
1.142285    0.009698
1.162325    0.009766
1.182365    0.009829
1.202405    0.009888
1.222445    0.009944
1.242485    0.009995
1.262525    0.010043
1.282565    0.010088
1.302605    0.010129
1.322645    0.010168
1.342685    0.010203
1.362725    0.010235
1.382766    0.010265
1.402806    0.010292
1.422846    0.010317
1.442886    0.010339
1.462926    0.010359
1.482966    0.010377
1.503006    0.010393
1.523046    0.010407
1.543086    0.010418
1.563126    0.010428
1.583166    0.010436
1.603206    0.010442
1.623246    0.010447
1.643287    0.010450
1.663327    0.010451
1.683367    0.010451
1.703407    0.010450
1.723447    0.010447
1.743487    0.010442
1.763527    0.010437
1.783567    0.010429
1.803607    0.010421
1.823647    0.010412
1.843687    0.010401
1.863727    0.010389
1.883768    0.010376
1.903808    0.010362
1.923848    0.010347
1.943888    0.010330
1.963928    0.010313
1.983968    0.010295
2.004008    0.010276
2.024048    0.010256
2.044088    0.010234
2.064128    0.010212
2.084168    0.010190
2.104208    0.010166
2.124248    0.010141
2.144289    0.010116
2.164329    0.010089
2.184369    0.010062
2.204409    0.010034
2.224449    0.010006
2.244489    0.009976
2.264529    0.009946
2.284569    0.009915
2.304609    0.009883
2.324649    0.009851
2.344689    0.009818
2.364729    0.009784
2.384770    0.009749
2.404810    0.009714
2.424850    0.009678
2.444890    0.009641
2.464930    0.009604
2.484970    0.009566
2.505010    0.009527
2.525050    0.009488
2.545090    0.009448
2.565130    0.009408
2.585170    0.009366
2.605210    0.009325
2.625251    0.009282
2.645291    0.009239
2.665331    0.009195
2.685371    0.009151
2.705411    0.009106
2.725451    0.009060
2.745491    0.009013
2.765531    0.008967
2.785571    0.008919
2.805611    0.008871
2.825651    0.008822
2.845691    0.008772
2.865731    0.008722
2.885772    0.008672
2.905812    0.008620
2.925852    0.008568
2.945892    0.008516
2.965932    0.008462
2.985972    0.008409
3.006012    0.008354
3.026052    0.008299
3.046092    0.008243
3.066132    0.008186
3.086172    0.008129
3.106212    0.008072
3.126253    0.008013
3.146293    0.007954
3.166333    0.007894
3.186373    0.007834
3.206413    0.007772
3.226453    0.007710
3.246493    0.007648
3.266533    0.007585
3.286573    0.007521
3.306613    0.007456
3.326653    0.007390
3.346693    0.007324
3.366733    0.007257
3.386774    0.007190
3.406814    0.007121
3.426854    0.007052
3.446894    0.006982
3.466934    0.006911
3.486974    0.006840
3.507014    0.006767
3.527054    0.006694
3.547094    0.006620
3.567134    0.006545
3.587174    0.006469
3.607214    0.006393
3.627255    0.006315
3.647295    0.006237
3.667335    0.006157
3.687375    0.006077
3.707415    0.005996
3.727455    0.005914
3.747495    0.005831
3.767535    0.005746
3.787575    0.005661
3.807615    0.005575
3.827655    0.005488
3.847695    0.005400
3.867735    0.005310
3.887776    0.005220
3.907816    0.005128
3.927856    0.005036
3.947896    0.004942
3.967936    0.004847
3.987976    0.004750
4.008016    0.004653
4.028056    0.004554
4.048096    0.004454
4.068136    0.004353
4.088176    0.004250
4.108216    0.004146
4.128257    0.004040
4.148297    0.003933
4.168337    0.003825
4.188377    0.003715
4.208417    0.003603
4.228457    0.003490
4.248497    0.003376
4.268537    0.003260
4.288577    0.003142
4.308617    0.003022
4.328657    0.002900
4.348697    0.002777
4.368737    0.002652
4.388778    0.002525
4.408818    0.002396
4.428858    0.002265
4.448898    0.002132
4.468938    0.001996
4.488978    0.001859
4.509018    0.001719
4.529058    0.001577
4.549098    0.001433
4.569138    0.001286
4.589178    0.001137
4.609218    0.000985
4.629259    0.000831
4.649299    0.000673
4.669339    0.000513
4.689379    0.000350
4.709419    0.000184
4.729459    0.000015
4.749499    -0.000157
4.769539    -0.000333
4.789579    -0.000512
4.809619    -0.000694
4.829659    -0.000880
4.849699    -0.001070
4.869739    -0.001264
4.889780    -0.001462
4.909820    -0.001664
4.929860    -0.001871
4.949900    -0.002081
4.969940    -0.002297
4.989980    -0.002517
5.010020    -0.002743
5.030060    -0.002973
5.050100    -0.003210
5.070140    -0.003451
5.090180    -0.003699
5.110220    -0.003953
5.130261    -0.004213
5.150301    -0.004479
5.170341    -0.004753
5.190381    -0.005034
5.210421    -0.005323
5.230461    -0.005619
5.250501    -0.005924
5.270541    -0.006237
5.290581    -0.006560
5.310621    -0.006892
5.330661    -0.007234
5.350701    -0.007586
5.370741    -0.007950
5.390782    -0.008325
5.410822    -0.008712
5.430862    -0.009112
5.450902    -0.009526
5.470942    -0.009954
5.490982    -0.010397
5.511022    -0.010857
5.531062    -0.011333
5.551102    -0.011827
5.571142    -0.012340
5.591182    -0.012874
5.611222    -0.013428
5.631263    -0.014006
5.651303    -0.014608
5.671343    -0.015236
5.691383    -0.015891
5.711423    -0.016575
5.731463    -0.017291
5.751503    -0.018040
5.771543    -0.018825
5.791583    -0.019647
5.811623    -0.020510
5.831663    -0.021416
5.851703    -0.022367
5.871743    -0.023367
5.891784    -0.024418
5.911824    -0.025522
5.931864    -0.026682
5.951904    -0.027899
5.971944    -0.029174
5.991984    -0.030506
6.012024    -0.031894
6.032064    -0.033330
6.052104    -0.034806
6.072144    -0.036307
6.092184    -0.037811
6.112224    -0.039285
6.132265    -0.040688
6.152305    -0.041962
6.172345    -0.043038
6.192385    -0.043834
6.212425    -0.044264
6.232465    -0.044243
6.252505    -0.043708
6.272545    -0.042626
6.292585    -0.041009
6.312625    -0.038916
6.332665    -0.036443
6.352705    -0.033708
6.372745    -0.030831
6.392786    -0.027920
6.412826    -0.025061
6.432866    -0.022317
6.452906    -0.019728
6.472946    -0.017314
6.492986    -0.015084
6.513026    -0.013037
6.533066    -0.011164
6.553106    -0.009455
6.573146    -0.007898
6.593186    -0.006480
6.613226    -0.005187
6.633267    -0.004009
6.653307    -0.002933
6.673347    -0.001949
6.693387    -0.001048
6.713427    -0.000222
6.733467    0.000536
6.753507    0.001234
6.773547    0.001877
6.793587    0.002470
6.813627    0.003018
6.833667    0.003525
6.853707    0.003995
6.873747    0.004431
6.893788    0.004837
6.913828    0.005214
6.933868    0.005565
6.953908    0.005892
6.973948    0.006197
6.993988    0.006483
7.014028    0.006749
7.034068    0.006999
7.054108    0.007232
7.074148    0.007451
7.094188    0.007656
7.114228    0.007849
7.134269    0.008029
7.154309    0.008199
7.174349    0.008358
7.194389    0.008508
7.214429    0.008648
7.234469    0.008780
7.254509    0.008904
7.274549    0.009021
7.294589    0.009130
7.314629    0.009233
7.334669    0.009330
7.354709    0.009420
7.374749    0.009505
7.394790    0.009585
7.414830    0.009660
7.434870    0.009730
7.454910    0.009796
7.474950    0.009857
7.494990    0.009915
7.515030    0.009968
7.535070    0.010018
7.555110    0.010065
7.575150    0.010108
7.595190    0.010148
7.615230    0.010184
7.635271    0.010218
7.655311    0.010250
7.675351    0.010278
7.695391    0.010304
7.715431    0.010328
7.735471    0.010349
7.755511    0.010368
7.775551    0.010385
7.795591    0.010400
7.815631    0.010412
7.835671    0.010423
7.855711    0.010432
7.875752    0.010439
7.895792    0.010445
7.915832    0.010449
7.935872    0.010451
7.955912    0.010452
7.975952    0.010451
7.995992    0.010448
8.016032    0.010445
8.036072    0.010440
8.056112    0.010433
8.076152    0.010426
8.096192    0.010417
8.116232    0.010407
8.136273    0.010395
8.156313    0.010383
8.176353    0.010369
8.196393    0.010355
8.216433    0.010339
8.236473    0.010322
8.256513    0.010305
8.276553    0.010286
8.296593    0.010266
8.316633    0.010246
8.336673    0.010224
8.356713    0.010202
8.376754    0.010178
8.396794    0.010154
8.416834    0.010129
8.436874    0.010103
8.456914    0.010077
8.476954    0.010049
8.496994    0.010021
8.517034    0.009992
8.537074    0.009962
8.557114    0.009932
8.577154    0.009900
8.597194    0.009868
8.617234    0.009835
8.637275    0.009802
8.657315    0.009768
8.677355    0.009733
8.697395    0.009697
8.717435    0.009661
8.737475    0.009624
8.757515    0.009586
8.777555    0.009548
8.797595    0.009509
8.817635    0.009470
8.837675    0.009429
8.857715    0.009388
8.877756    0.009347
8.897796    0.009305
8.917836    0.009262
8.937876    0.009218
8.957916    0.009174
8.977956    0.009130
8.997996    0.009084
9.018036    0.009038
9.038076    0.008992
9.058116    0.008944
9.078156    0.008896
9.098196    0.008848
9.118236    0.008799
9.138277    0.008749
9.158317    0.008699
9.178357    0.008648
9.198397    0.008596
9.218437    0.008544
9.238477    0.008491
9.258517    0.008437
9.278557    0.008383
9.298597    0.008328
9.318637    0.008273
9.338677    0.008217
9.358717    0.008160
9.378758    0.008102
9.398798    0.008044
9.418838    0.007985
9.438878    0.007926
9.458918    0.007866
9.478958    0.007805
9.498998    0.007743
9.519038    0.007681
9.539078    0.007618
9.559118    0.007555
9.579158    0.007490
9.599198    0.007425
9.619238    0.007359
9.639279    0.007293
9.659319    0.007226
9.679359    0.007158
9.699399    0.007089
9.719439    0.007019
9.739479    0.006949
9.759519    0.006878
9.779559    0.006806
9.799599    0.006733
9.819639    0.006659
9.839679    0.006585
9.859719    0.006510
9.879760    0.006433
9.899800    0.006356
9.919840    0.006278
9.939880    0.006200
9.959920    0.006120
9.979960    0.006039
10.000000    0.005957
